1
1000 1000
403 467 1
446 785 1
376 543 2
191 760 1
204 699 1
481 636 2
190 810 1
262 680 1
406 881 2
159 864 1
452 857 1
536 668 2
67 951 1
264 273 2
659 924 1
316 849 2
197 631 1
119 841 2
51 412 1
170 699 1
283 870 1
57 473 1
248 959 1
761 803 1
502 608 1
157 383 2
238 629 2
4 923 1
487 840 2
411 866 1
93 596 1
70 87 2
28 371 2
132 420 2
175 634 2
221 534 2
363 685 1
734 942 2
259 865 2
219 256 2
383 530 1
359 403 1
121 980 1
198 761 2
335 570 2
718 877 2
537 875 1
72 529 1
605 691 2
847 917 2
398 449 2
537 729 2
116 618 1
189 555 2
164 694 2
781 788 2
199 615 1
26 554 1
486 727 1
493 575 2
934 961 1
331 592 2
829 875 2
661 957 2
455 857 2
650 921 2
169 572 1
527 942 2
289 769 1
365 719 1
164 366 2
229 395 1
37 602 1
27 394 2
66 299 2
148 272 1
21 636 1
736 787 2
283 594 1
335 339 1
426 573 2
410 628 2
49 255 1
818 876 1
286 339 1
17 843 2
708 894 1
71 898 2
120 804 1
834 875 1
189 381 2
182 758 1
47 812 2
420 839 2
420 954 1
444 580 2
766 898 1
450 542 1
266 644 1
860 951 1
406 530 1
468 532 2
295 881 1
353 447 2
555 648 1
295 594 1
560 705 1
48 211 1
14 71 2
103 639 1
727 906 1
481 927 1
309 958 2
638 750 1
32 61 2
174 890 1
134 937 2
198 973 2
514 985 2
433 454 2
224 334 2
480 549 2
10 569 1
486 631 2
78 123 1
282 826 2
534 551 1
39 781 1
236 246 1
473 565 2
293 440 2
103 181 1
590 790 1
420 668 2
596 806 2
441 511 2
282 825 1
484 541 1
122 426 2
266 667 1
238 504 2
319 905 1
201 433 2
221 871 2
456 730 2
265 953 1
32 733 2
621 719 1
528 568 1
24 331 1
626 792 2
409 765 1
347 665 1
221 801 1
404 434 1
168 529 2
410 698 1
670 796 1
16 243 2
736 775 1
587 687 2
774 841 1
166 585 2
105 345 1
217 643 1
576 786 2
109 446 1
68 612 1
799 911 1
867 987 1
92 837 2
17 80 1
692 928 1
792 897 1
143 607 2
581 603 2
184 595 2
425 502 2
222 822 1
396 476 1
387 995 2
71 355 2
83 253 1
226 694 2
112 208 1
710 898 1
122 683 2
246 278 1
370 569 2
385 778 2
638 992 2
31 536 1
797 997 1
882 904 2
899 910 2
332 370 1
477 886 1
664 839 2
232 998 1
606 737 1
102 356 1
33 621 2
419 847 2
654 835 2
14 822 2
152 361 2
272 832 2
794 867 2
880 965 2
771 803 1
335 930 1
255 335 2
581 922 2
24 520 2
176 437 1
465 505 2
579 1000 2
120 581 2
478 673 2
531 998 2
442 738 2
342 531 1
655 888 2
197 794 2
52 472 2
904 965 1
286 543 1
1 867 2
541 572 1
470 508 2
232 323 2
158 927 2
516 840 2
91 735 1
399 963 1
435 950 1
367 567 2
646 779 2
348 824 2
18 112 2
370 448 1
160 308 2
297 358 1
426 983 2
274 875 1
56 483 2
64 907 1
180 276 2
539 926 2
652 941 1
437 453 1
36 648 2
518 540 2
267 550 2
140 645 1
222 973 2
467 619 1
619 815 2
87 368 1
718 948 2
415 498 1
251 972 2
857 907 1
320 633 2
32 926 1
882 966 1
392 914 1
127 671 2
228 930 1
433 737 1
343 577 2
91 147 2
350 991 2
338 498 1
136 509 2
692 858 1
70 251 1
63 134 2
41 876 1
538 715 1
62 763 2
225 980 1
289 807 2
370 374 1
332 543 2
107 317 2
379 614 1
234 415 1
269 996 2
70 187 1
115 680 2
77 401 1
572 945 1
45 651 2
132 582 2
553 611 1
567 901 2
273 628 2
249 573 2
210 663 1
320 734 1
276 291 2
202 489 1
458 472 2
55 774 2
181 529 2
21 404 1
407 861 2
20 908 1
22 412 1
321 831 2
71 536 2
504 749 2
441 723 2
462 720 1
124 680 1
93 833 2
713 895 2
100 463 2
806 930 1
461 939 1
882 982 1
2 948 1
744 748 2
310 505 2
92 686 2
580 773 2
705 950 2
431 511 2
976 977 1
467 648 2
229 326 1
524 845 1
352 702 2
302 735 2
711 946 1
318 576 2
28 355 1
546 744 1
712 798 2
288 905 2
438 448 2
26 967 1
5 166 1
488 927 2
282 787 2
333 526 2
81 542 2
355 665 1
2 803 2
344 682 2
386 955 2
11 27 1
182 758 2
491 718 2
122 687 2
290 996 2
29 855 1
4 180 2
452 545 2
330 765 1
81 251 1
299 720 2
69 415 1
616 990 1
50 147 1
605 981 2
15 821 1
388 690 2
92 978 2
305 500 2
394 597 2
217 853 2
135 839 1
650 698 2
484 649 2
304 698 1
159 552 1
176 573 2
303 942 2
61 871 1
939 948 1
435 912 2
421 468 1
777 958 1
84 369 1
621 723 1
75 416 2
185 654 2
403 557 1
46 588 1
20 29 1
178 846 2
72 117 1
684 862 2
868 873 1
114 697 2
288 632 1
532 723 1
365 471 1
79 604 2
78 296 1
410 816 1
615 998 1
739 879 1
143 218 1
323 673 2
879 911 2
144 560 1
20 847 2
89 982 2
30 798 1
525 946 1
19 91 2
199 608 2
250 618 2
339 369 2
186 276 2
141 783 2
466 632 2
215 785 1
100 531 2
581 980 1
509 765 1
444 816 2
31 885 2
580 606 1
383 561 1
143 184 2
175 573 1
191 882 2
567 820 1
114 931 1
68 263 2
56 942 1
520 988 2
169 417 1
70 558 2
466 787 2
893 954 2
494 719 1
80 796 2
87 958 1
76 279 2
340 499 1
505 875 2
121 658 2
583 984 2
593 919 1
556 568 1
525 747 2
21 753 2
575 885 2
441 644 1
425 985 1
319 749 1
95 689 2
443 715 2
72 383 2
83 901 2
213 565 1
751 868 1
297 893 1
150 690 2
62 503 1
87 633 2
483 674 1
580 769 2
12 564 2
139 340 2
624 762 2
171 426 1
38 184 2
208 937 1
561 759 1
542 749 1
411 752 1
131 515 2
307 873 1
532 841 1
82 533 2
201 919 2
316 333 2
629 931 1
23 241 2
36 319 2
18 424 2
65 202 1
849 906 2
229 545 2
96 725 1
389 812 1
38 58 2
29 615 1
392 515 1
83 766 1
8 756 1
769 935 2
16 402 2
706 772 2
224 316 1
274 360 1
225 734 1
99 441 1
202 569 1
833 907 1
189 556 2
352 529 2
543 868 1
545 787 2
393 789 2
182 515 2
712 865 1
127 735 2
277 331 1
187 699 2
344 668 2
163 255 2
455 543 1
498 826 1
98 333 2
66 532 2
302 597 1
16 376 1
199 283 1
603 904 2
125 575 2
624 986 1
159 174 1
158 947 2
266 724 2
763 907 1
119 188 2
20 299 2
38 140 2
703 762 1
140 504 2
114 815 2
173 844 1
420 464 2
898 986 2
198 345 1
655 951 2
192 619 2
7 804 1
155 814 1
555 556 1
50 220 2
572 903 2
887 896 1
397 400 1
651 974 2
142 277 2
310 390 2
281 979 2
131 882 2
663 988 1
313 374 1
575 951 2
421 621 1
70 262 1
341 451 1
347 593 1
253 301 1
34 304 1
354 871 1
370 464 2
45 650 1
390 393 2
15 352 1
91 978 2
492 988 2
205 745 2
130 537 2
89 939 2
461 804 2
549 787 2
296 344 2
438 443 2
200 333 1
105 728 2
280 751 2
406 448 2
180 597 1
913 960 1
612 853 1
16 955 2
759 857 1
581 972 1
89 840 1
701 849 1
413 972 1
483 542 2
606 935 1
147 435 1
269 432 1
440 526 2
468 915 1
315 502 2
537 687 2
99 533 1
934 954 2
171 888 1
180 261 1
260 334 2
22 622 1
231 962 1
254 926 1
45 994 1
201 797 1
166 374 2
305 660 2
166 872 1
344 869 2
301 625 1
813 920 1
17 609 1
798 974 2
336 851 1
136 681 2
123 848 1
691 694 1
631 865 2
580 885 1
87 821 2
462 744 1
136 944 1
164 996 2
427 992 2
162 479 2
667 918 1
248 902 2
149 481 2
223 505 1
82 650 2
108 407 2
468 547 1
166 722 2
346 624 1
257 297 1
216 517 2
42 871 2
540 545 2
462 741 2
296 458 2
178 396 1
488 883 2
144 724 2
344 840 1
680 869 2
387 470 1
613 938 1
74 791 1
105 884 1
476 536 2
630 889 2
686 716 2
18 452 1
64 603 1
181 712 2
455 925 1
60 583 1
27 564 2
235 941 2
362 577 2
77 517 1
54 735 2
114 148 2
612 620 1
580 625 1
132 760 1
309 903 1
3 223 2
267 378 1
911 923 1
33 293 2
428 993 1
39 937 2
388 401 1
740 971 2
284 643 2
378 409 1
349 541 1
858 878 1
297 679 2
166 187 1
182 414 2
45 814 1
349 832 2
53 515 2
194 863 2
338 589 1
876 903 1
166 758 2
5 820 1
849 894 2
215 597 2
360 591 1
221 541 1
150 217 2
447 525 1
766 944 2
467 487 2
263 371 1
680 943 1
290 988 2
58 417 2
441 491 1
517 756 2
105 115 2
93 665 1
773 889 1
629 978 1
785 929 2
60 861 2
231 455 1
6 689 2
11 586 2
358 554 2
92 652 1
669 941 2
260 817 2
85 771 2
668 882 1
887 925 2
2 585 2
491 639 2
102 144 1
17 439 1
144 519 2
794 849 2
275 758 2
206 679 2
567 937 2
223 922 2
646 667 2
470 795 1
340 820 1
514 774 1
531 867 2
190 477 2
509 585 1
616 678 1
205 646 2
452 921 1
368 389 2
328 556 2
200 393 1
473 823 2
660 799 1
437 614 1
37 419 2
104 957 2
182 510 1
679 839 2
31 117 1
423 905 2
444 770 2
401 1000 2
292 826 2
208 538 1
891 939 1
200 395 2
571 954 1
339 735 2
408 857 2
486 840 1
781 878 2
116 281 1
321 369 2
364 771 1
75 950 2
393 819 1
130 813 2
33 107 1
271 728 2
2 460 2
476 603 1
193 672 2
599 950 2
863 953 1
583 729 2
85 120 2
165 737 2
5 336 1
52 913 1
583 970 2
387 699 1
387 935 1
386 576 1
403 434 1
402 746 1
513 1000 1
261 904 2
145 416 1
228 634 1
254 799 1
356 807 2
267 291 2
611 689 2
31 703 1
728 740 2
737 838 1
72 255 1
696 920 1
42 287 1
276 758 1
791 868 1
76 889 2
87 414 1
965 990 2
741 916 1
15 192 1
222 507 1
244 728 1
278 716 2
264 541 2
651 821 2
79 778 2
23 528 1
466 856 1
76 958 1
79 272 2
654 866 2
105 152 1
11 901 1
161 439 2
383 772 2
218 546 1
272 524 2
185 847 1
443 558 2
127 900 2
32 858 2
112 662 1
118 954 1
248 683 1
401 941 1
10 969 2
203 418 1
379 422 1
64 612 2
92 816 1
603 934 2
44 514 2
679 895 1
605 780 1
294 524 1
609 715 1
355 983 1
850 986 2
19 962 2
212 568 2
657 955 1
113 971 2
306 736 1
128 209 1
611 979 1
153 371 1
192 546 1
396 801 1
410 892 2
42 910 2
122 756 1
508 862 2
194 522 1
34 898 2
298 917 1
642 835 2
290 850 2
197 764 2
42 430 1
533 749 2
326 718 2
514 810 1
79 257 1
46 587 1
409 978 1
16 632 2
22 117 2
294 360 1
87 201 1
887 890 1
173 960 2
128 886 1
224 894 2
460 640 2
273 607 1
400 736 1
575 803 1
352 645 2
135 826 1
27 458 2
303 949 2
142 262 2
299 661 1
48 535 1
277 706 2
309 557 1
954 992 1
261 987 2
548 842 2
184 867 2
54 600 1
680 839 1
442 984 1
436 901 1
169 594 2
710 989 2
471 528 1
115 917 1
12 30 1
262 355 2
538 613 1
117 164 1
38 308 1
540 760 2
55 356 2
555 959 1
315 853 1
383 848 2
358 885 2
823 930 2
165 924 1
129 140 1
32 234 1
173 547 2
367 491 1
247 793 2
8 825 2
495 836 2
102 676 2
299 905 1
30 335 2
10 978 1
596 723 2
540 887 1
280 390 2
266 943 2
144 616 2
351 729 1
209 273 1
30 613 1
233 812 2
473 745 2
623 950 2
46 345 1
66 512 1
157 922 1
590 926 1
100 939 1
763 896 1
318 737 2
381 457 2
267 685 2
241 665 2
605 898 2
166 711 1
504 802 1
391 511 2
364 761 2
191 344 2
448 495 1
481 948 2
670 801 2
730 866 1
287 356 2
297 474 2
554 634 1
83 262 2
123 338 2
112 863 1
803 970 1
11 86 1
134 235 1
901 943 1
167 706 1
132 639 1
154 983 2
534 567 1
142 524 1
489 902 2
687 878 1
232 893 1
188 575 2
812 899 1
752 960 1
251 435 1
345 913 1
295 982 1
18 440 2
375 644 1
121 355 2
291 370 1
413 961 1
272 502 2
357 552 2
59 960 2
523 898 1
420 764 2
